4.00000019E-03
   1.59999989E-02
   5.60000017E-02
  0.135999992    
  0.256000012    
  0.447999954    
  0.707999945    
   1.05599999    
   1.50000000    
   2.05999947    
   2.74800014    
   3.56400108    
   4.54799843    
   5.68000031    
   7.02399826    
   8.51199341    
   10.1919937    
   12.0640030    
   14.1800079    
   16.5399933    
   19.2239990    
   22.0799866    
   25.2280273    
   28.5559998    
   32.3119812    
   36.3559875    
   40.6640015    
   45.3280029    
   50.3519897    
   55.7920532    
   61.5519409    
   67.5679932    
   74.1640625    
   81.1080322    
   88.4239502    
   96.2399902    
   104.468018    
   113.048096    
   122.323975    
   131.908203    
   142.008057    
   152.560059    
   163.764160    
   175.472168    
   187.760254    
   200.448242    
   213.879883    
   227.687988    
   242.220215    
   257.295898   
   289.727997    
   324.403992    
   361.572021    
   401.635986    
   444.416016    
   490.556152    
   539.308105    
   591.715820    
   646.987793    
   705.736328    
   767.951172    
   833.711914    
   902.972656    
   976.503906    
   1052.97266    
   1134.36719    
   1219.09570    
   1307.82812    
   1401.61523  
