   4.00000019E-03
   1.99999996E-02
   6.40000030E-02
  0.148000002    
  0.283999979    
  0.539999962    
  0.884000063    
   1.32800007    
   1.90400028    
   2.67199993    
   3.50000000    
   4.52400017    
   5.72800064    
   7.11600113    
   7.69599915    
   9.56400299    
   11.5480042    
   13.9920044    
   16.6759949    
   19.5920105    
   21.0119934    
   24.6400146    
   28.5039978    
   32.7839966    
   37.3919983    
   40.1439819    
   45.5560303    
   51.2360229    
   57.4680176    
   61.5639648    
   68.6680908    
   75.9560547    
   81.3599854    
   89.9840088    
   99.2440186    
   105.312012    
   115.768066    
   126.327881    
   134.679932    
   143.955811    
   158.927979    
   168.068115    
   181.552002    
   192.000000    
   207.375977    
   218.719727    
   233.216309    
   252.635742    
   266.343750    
   280.543945    
   321.560028    
   357.523987    
   400.339844    
   443.472168    
   492.503906    
   541.815918    
   592.468262    
   646.612305    
   713.716309    
   777.835938    
   844.484375    
   915.828125    
   998.019531    
   1069.74414    
   1153.50000    
   1243.53125    
   1337.37500    
   1430.02734    
   1540.08789    
