0.00000000    
   0.00000000    
   3.99999321E-03
   0.00000000    
   1.19999647E-02
   1.20000839E-02
   2.39999294E-02
   2.40001678E-02
   4.80003357E-02
   4.40006256E-02
   9.20009613E-02
   7.99999237E-02
  0.164001465    
  0.180000305    
  0.340003967    
  0.379997253    
  0.519996643    
  0.543991089    
  0.736007690    
  0.735992432    
  0.975997925    
  0.992004395    
   1.31997681    
   1.39599609    
   1.77200317    
   1.86804199    
   2.22796631    
   2.34399414    
   2.77600098    
   2.89202881    
   3.35595703    
   3.52795410    
   4.05590820    
   4.21997070    
   4.89599609    
   4.97192383    
   5.78002930    
   5.91210938    
   6.73193359    
   6.84814453    
   7.91210938    
   8.21997070    
   9.64794922    
   9.67187500    
   11.4477539    
   11.2441406    
   13.1796875    
   12.6801758    
   15.2963867    
   14.6000977    
   16.5119629    
   18.5040283    
   20.5761719    
   23.0039062    
   25.3759766    
   27.9360352    
   30.4555664    
   33.5600586    
   36.8476562    
   40.0634766    
   43.5195312    
   47.3007812    
   51.4482422    
   55.4121094    
   59.4394531    
   64.2207031    
   69.3769531    
   74.1640625    
   79.2519531    
